KURUCZ
TEFF=6202,LOGG=4.12,[FE/H]=0.00,marcs
ND=            56
1.41388452E-02 4388.7 1.9035E+02 3.1144E+10 1.3425E-03
1.82709085E-02 4424.5 2.4626E+02 3.9998E+10 1.6503E-03
2.35666586E-02 4467.6 3.1789E+02 5.1440E+10 2.0319E-03
3.03749050E-02 4512.1 4.0998E+02 6.6152E+10 2.5077E-03
3.91088284E-02 4557.4 5.2810E+02 8.5030E+10 3.1006E-03
5.02948829E-02 4603.0 6.7939E+02 1.0921E+11 3.8392E-03
6.46034003E-02 4648.9 8.7291E+02 1.4014E+11 4.7591E-03
8.28862224E-02 4695.0 1.1202E+03 1.7967E+11 5.9053E-03
1.06226686E-01 4741.1 1.4359E+03 2.3015E+11 7.3336E-03
1.35998343E-01 4787.6 1.8387E+03 2.9460E+11 9.1148E-03
1.73947100E-01 4834.3 2.3521E+03 3.7681E+11 1.1335E-02
1.96659713E-01 4857.9 2.6593E+03 4.2608E+11 1.2643E-02
2.22291146E-01 4881.6 3.0061E+03 4.8174E+11 1.4104E-02
2.51212802E-01 4905.3 3.3975E+03 5.4463E+11 1.5736E-02
2.83843617E-01 4929.4 3.8391E+03 6.1568E+11 1.7558E-02
3.20653948E-01 4953.5 4.3373E+03 6.9602E+11 1.9594E-02
3.62175110E-01 4978.0 4.8994E+03 7.8688E+11 2.1866E-02
4.09007645E-01 5002.8 5.5334E+03 8.8962E+11 2.4404E-02
4.61823122E-01 5027.9 6.2486E+03 1.0060E+12 2.7242E-02
5.21375626E-01 5053.4 7.0552E+03 1.1378E+12 3.0415E-02
5.88507274E-01 5079.7 7.9643E+03 1.2876E+12 3.3966E-02
6.64157131E-01 5106.8 8.9894E+03 1.4578E+12 3.7948E-02
7.49364029E-01 5135.0 1.0144E+04 1.6525E+12 4.2419E-02
8.45271877E-01 5164.6 1.1444E+04 1.8752E+12 4.7454E-02
9.53129402E-01 5196.1 1.2907E+04 2.1320E+12 5.3138E-02
1.07427444E+00 5229.8 1.4550E+04 2.4296E+12 5.9588E-02
1.21011693E+00 5266.5 1.6393E+04 2.7778E+12 6.6952E-02
1.36215318E+00 5305.9 1.8456E+04 3.1857E+12 7.5369E-02
1.53169969E+00 5351.2 2.0759E+04 3.6804E+12 8.5249E-02
1.72013334E+00 5399.3 2.3320E+04 4.2682E+12 9.6673E-02
1.92859941E+00 5454.5 2.6155E+04 4.9986E+12 1.1036E-01
2.15755197E+00 5516.6 2.9271E+04 5.9158E+12 1.2696E-01
2.40687554E+00 5586.8 3.2667E+04 7.0942E+12 1.4751E-01
2.67521537E+00 5667.7 3.6325E+04 8.6602E+12 1.7377E-01
2.95973686E+00 5760.3 4.0207E+04 1.0789E+13 2.0807E-01
3.25609051E+00 5866.4 4.4254E+04 1.3767E+13 2.5410E-01
3.55819811E+00 5988.6 4.8385E+04 1.8064E+13 3.1764E-01
3.85881611E+00 6128.2 5.2501E+04 2.4399E+13 4.0701E-01
4.15032046E+00 6287.9 5.6498E+04 3.3968E+13 5.3553E-01
4.42543931E+00 6469.8 6.0277E+04 4.8718E+13 7.2390E-01
4.67807703E+00 6676.2 6.3754E+04 7.1843E+13 1.0057E+00
4.90352215E+00 6911.1 6.6864E+04 1.0887E+14 1.4398E+00
5.09898552E+00 7176.2 6.9565E+04 1.6862E+14 2.1231E+00
5.26129271E+00 7498.3 7.1804E+04 2.7585E+14 3.3442E+00
5.38779214E+00 7869.5 7.3556E+04 4.5746E+14 5.4955E+00
5.48724781E+00 8181.3 7.4961E+04 6.7510E+14 8.2316E+00
5.57389850E+00 8429.2 7.6199E+04 9.0313E+14 1.1280E+01
5.65568488E+00 8633.4 7.7379E+04 1.1355E+15 1.4561E+01
5.73690858E+00 8809.3 7.8554E+04 1.3729E+15 1.8073E+01
5.82030971E+00 8966.3 7.9764E+04 1.6177E+15 2.1851E+01
5.90790805E+00 9110.6 8.1035E+04 1.8731E+15 2.5936E+01
6.10252851E+00 9374.2 8.3862E+04 2.4250E+15 3.5175E+01
6.33338298E+00 9624.1 8.7215E+04 3.0648E+15 4.6411E+01
6.61283589E+00 9870.2 9.1270E+04 3.8238E+15 6.0234E+01
6.95959236E+00 10122.1 9.6305E+04 4.7541E+15 7.5874E+01
7.39348582E+00 10383.2 1.0260E+05 5.9062E+15 9.6993E+01
